UHx):)H:-;74>-:H-;<-H8:7*4-5)H,->-57;H+:1):H,=);H>):1á>-1;
HH16<-1:);H9=-H1:ã7H:-8:-;-6<):H)H+76<)/-5H,-H6ú5-:7;H87;1<1>7;
HH-H6-/)<1>7;VH

HHl->-U;-H8-:+7::-:H)H41;<)H,-H6ú5-:7;H:-+-*1,)H8-4)H.=6çã7V
HHx):)H+),)H1<-:)çã7TH,->-U;-H)>)41):H)<:)>é;H,-H=5H+75)6,7
HH+76,1+176)4H;-H7H6ú5-:7H,)H>-BHéH87;1<1>7H7=H6-/)<1>7T
HH)+:-;+-6<)6,7HYH)7H+76<),7:H+),)H>-BH9=-H)H;1<=)çã7H7+7::-:V
